9.915470877254712434e+01 8.579035620595894329e+01 9.527265167236328125e+01
1.028520654416551849e+02 1.079675643621706342e+02 9.872362518310546875e+01
1.078771857168160295e+02 1.307289409562653191e+02 1.024879531860351562e+02
1.127909352022059011e+02 1.528177147958792546e+02 1.061711044311523438e+02
1.214004236557904477e+02 1.752615088369331886e+02 1.157235412597656250e+02
1.367426590265012294e+02 1.925822064568014298e+02 1.320831298828125000e+02
1.580852858599494368e+02 2.039539502910538715e+02 1.493988952636718750e+02
1.824959796980315332e+02 2.137840231502756865e+02 1.616292724609375000e+02
2.071125124463847840e+02 2.206952263327205515e+02 1.569755096435546875e+02
2.256455997242646845e+02 2.158257501340379463e+02 1.427665405273437500e+02
2.321116565180759324e+02 2.077709707222732334e+02 1.149466781616210938e+02
2.337061683804380721e+02 1.982464769550397818e+02 8.756977081298828125e+01
2.374486502853094123e+02 1.820679282992493597e+02 6.579409027099609375e+01
2.381599255131739881e+02 1.597892961090686015e+02 5.411275482177734375e+01
2.407505562576592695e+02 1.395919534122242567e+02 4.815441894531250000e+01
2.428990555108761953e+02 1.179986330518535311e+02 4.290106582641601562e+01
2.466331181544883293e+02 9.526790256874232909e+01 3.854900741577148438e+01
1.383009841021369652e+02 5.334789560355392979e+01 1.518440704345703125e+02
1.505416197533700995e+02 4.529060244092755738e+01 1.606706237792968750e+02
1.655092461081111992e+02 4.171217585544961537e+01 1.644966430664062500e+02
1.788115425857843093e+02 4.284815069460402981e+01 1.668332366943359375e+02
1.892846545649509835e+02 4.532223079905791963e+01 1.664340209960937500e+02
2.321830197801776592e+02 4.812503494561888573e+01 1.518422851562500000e+02
2.407606593711703056e+02 4.659550374348959423e+01 1.457991180419921875e+02
2.496166958678002175e+02 4.705232484106925028e+01 1.355186614990234375e+02
2.578442064472272932e+02 5.227754289215687322e+01 1.216431808471679688e+02
2.604949587354472555e+02 6.165220989152498277e+01 1.068797760009765625e+02
2.124859576056985020e+02 7.122668600643382320e+01 1.654926605224609375e+02
2.171735136144301066e+02 8.533470578661150796e+01 1.766615447998046875e+02
2.216047552370557412e+02 9.815481914445464895e+01 1.869588623046875000e+02
2.229648909026500974e+02 1.105794677734374858e+02 1.914997711181640625e+02
2.000367167154947765e+02 1.270797524844898732e+02 1.749438476562500000e+02
2.076997920017616082e+02 1.283966853123085059e+02 1.776299285888671875e+02
2.158191992666206716e+02 1.317398456648284082e+02 1.777720184326171875e+02
2.202591167375152850e+02 1.297520179898131119e+02 1.731903991699218750e+02
2.241530170515471525e+02 1.287922382429534309e+02 1.651556854248046875e+02
1.557759706983379147e+02 7.144763147690716210e+01 1.583955535888671875e+02
1.653234450396369368e+02 6.536123525582107163e+01 1.620830993652343750e+02
1.754613822189031680e+02 6.641131759344362706e+01 1.609006347656250000e+02
1.841599624932980817e+02 7.282749226888020644e+01 1.551592559814453125e+02
1.761918132707184270e+02 7.542943689682904562e+01 1.601712799072265625e+02
1.651072223738128173e+02 7.447808442957260411e+01 1.620357513427734375e+02
2.254379406498927381e+02 7.629801599839153425e+01 1.402031860351562500e+02
2.362087095971200483e+02 7.122190707337621518e+01 1.384135131835937500e+02
2.454339106541053468e+02 7.176771575329350128e+01 1.334927062988281250e+02
2.502276455748314561e+02 7.845256910137101158e+01 1.242671661376953125e+02
2.442523274739583030e+02 8.021755095837161775e+01 1.328900146484375000e+02
2.344960875268075711e+02 7.989716198491115051e+01 1.387324981689453125e+02
1.817225863587622428e+02 1.614909490847119855e+02 1.716943206787109375e+02
1.958697356579350242e+02 1.537672952090992453e+02 1.794877014160156250e+02
2.099754942650888268e+02 1.496398365693933670e+02 1.810773010253906250e+02
2.162728611366421205e+02 1.518658090628829314e+02 1.787337036132812500e+02
2.204727574965532710e+02 1.505209082509956886e+02 1.768886871337890625e+02
2.286416700176163772e+02 1.555346023858762123e+02 1.659064178466796875e+02
2.322927909103094066e+02 1.640990277458639355e+02 1.524876861572265625e+02
2.274934752221200540e+02 1.686779672660079257e+02 1.657960815429687500e+02
2.223399732402726272e+02 1.710016994102328169e+02 1.714579010009765625e+02
2.159723336014092752e+02 1.707527939740348870e+02 1.756038818359375000e+02
2.058775270948222840e+02 1.704254049862132092e+02 1.783482360839843750e+02
1.969572796989889412e+02 1.668226988549325824e+02 1.775044250488281250e+02
1.848239214728860134e+02 1.607251330805759437e+02 1.713229370117187500e+02
2.052545498717064731e+02 1.584056185853247314e+02 1.758003692626953125e+02
2.143566693474264468e+02 1.584248626110600355e+02 1.748545227050781250e+02
2.201507247625612536e+02 1.594687066770067077e+02 1.700765686035156250e+02
2.311927703259037514e+02 1.641030689912683442e+02 1.540036315917968750e+02
2.200893042470894443e+02 1.609440980200673721e+02 1.703981781005859375e+02
2.140771017635569535e+02 1.609127142214307469e+02 1.735545043945312500e+02
2.057309678021599098e+02 1.604428873697916345e+02 1.758346557617187500e+02
